volcano_years = [ 1257,   1783,   1815,   1883,   1902,   1912,    1932,   1963,   1982,   1991   ]; 
volcano_lat   = [ -8.40,  64.07,  -8.15,  -6.10,  14.75,  58.27,   -35.65, -8.33,  17.37,  15.15  ];
volcano_lon   = [ 115.40, -18.23, 118.00, 105.42, -91.55, -155.15, -70.75, 115.50, -93.23, 120.35 ];
